Capacity,Probability,Cumulative Probability
0.0,0.0086,1.0
50.0,0.0,0.9914
100.0,0.003,0.9914
150.0,0.0006,0.9885
200.0,0.0029,0.9878
250.0,0.0052,0.9849
300.0,0.0009,0.9798
350.0,0.0098,0.9789
400.0,0.0045,0.9691
450.0,0.0085,0.9646
500.0,0.0058,0.9561
550.0,0.0049,0.9503
600.0,0.0122,0.9454
650.0,0.0088,0.9332
700.0,0.0115,0.9245
750.0,0.0088,0.9129
800.0,0.015,0.9041
850.0,0.0126,0.8891
900.0,0.0115,0.8765
950.0,0.0143,0.865
1000.0,0.0145,0.8507
1050.0,0.0173,0.8361
1100.0,0.0146,0.8188
1150.0,0.0176,0.8042
1200.0,0.0171,0.7865
1250.0,0.0188,0.7695
1300.0,0.0183,0.7507
1350.0,0.0172,0.7324
1400.0,0.0206,0.7152
1450.0,0.0197,0.6946
1500.0,0.0202,0.6749
1550.0,0.019,0.6547
1600.0,0.0207,0.6357
1650.0,0.0207,0.615
1700.0,0.0197,0.5943
1750.0,0.0206,0.5745
1800.0,0.0202,0.554
1850.0,0.0209,0.5338
1900.0,0.0199,0.5129
1950.0,0.0198,0.493
2000.0,0.0196,0.4732
2050.0,0.0197,0.4536
2100.0,0.0193,0.4339
2150.0,0.0184,0.4146
2200.0,0.0186,0.3962
2250.0,0.0181,0.3776
2300.0,0.0176,0.3595
2350.0,0.0169,0.3418
2400.0,0.0167,0.3249
2450.0,0.0163,0.3083
2500.0,0.0156,0.292
2550.0,0.0152,0.2764
2600.0,0.0145,0.2612
2650.0,0.0142,0.2467
2700.0,0.0135,0.2325
2750.0,0.0129,0.219
2800.0,0.0124,0.206
2850.0,0.012,0.1936
2900.0,0.0114,0.1816
2950.0,0.0108,0.1702
3000.0,0.0103,0.1594
3050.0,0.0098,0.1491
3100.0,0.0094,0.1392
3150.0,0.0088,0.1299
3200.0,0.0084,0.121
3250.0,0.0079,0.1127
3300.0,0.0075,0.1048
3350.0,0.007,0.0973
3400.0,0.0066,0.0902
3450.0,0.0062,0.0836
3500.0,0.0058,0.0774
3550.0,0.0055,0.0716
3600.0,0.0051,0.0661
3650.0,0.0048,0.061
3700.0,0.0045,0.0562
3750.0,0.0042,0.0517
3800.0,0.0039,0.0476
3850.0,0.0036,0.0437
3900.0,0.0033,0.0401
3950.0,0.0031,0.0368
4000.0,0.0029,0.0337
4050.0,0.0027,0.0308
4100.0,0.0025,0.0281
4150.0,0.0023,0.0257
4200.0,0.0021,0.0234
4250.0,0.0019,0.0213
4300.0,0.0018,0.0194
4350.0,0.0016,0.0176
4400.0,0.0015,0.016
4450.0,0.0014,0.0145
4500.0,0.0012,0.0132
4550.0,0.0011,0.0119
4600.0,0.001,0.0108
4650.0,0.0009,0.0098
4700.0,0.0009,0.0088
4750.0,0.0008,0.0079
4800.0,0.0007,0.0072
4850.0,0.0006,0.0064
4900.0,0.0006,0.0058
4950.0,0.0005,0.0052
5000.0,0.0005,0.0047
5050.0,0.0004,0.0042
5100.0,0.0004,0.0038
5150.0,0.0004,0.0034
5200.0,0.0003,0.003
5250.0,0.0003,0.0027
5300.0,0.0003,0.0024
5350.0,0.0002,0.0021
5400.0,0.0002,0.0019
5450.0,0.0002,0.0017
5500.0,0.0002,0.0015
5550.0,0.0002,0.0013
5600.0,0.0001,0.0012
5650.0,0.0001,0.0011
5700.0,0.0001,0.0009
5750.0,0.0001,0.0008
5800.0,0.0001,0.0007
5850.0,0.0001,0.0006
5900.0,0.0001,0.0006
5950.0,0.0001,0.0005
6000.0,0.0001,0.0004
6050.0,0.0,0.0004
6100.0,0.0,0.0003
6150.0,0.0,0.0003
6200.0,0.0,0.0003
6250.0,0.0,0.0002
6300.0,0.0,0.0002
6350.0,0.0,0.0002
6400.0,0.0,0.0002
6450.0,0.0,0.0001
6500.0,0.0,0.0001
6550.0,0.0,0.0001
6600.0,0.0,0.0001
6650.0,0.0,0.0001
6700.0,0.0,0.0001
6750.0,0.0,0.0001
6800.0,0.0,0.0001
6850.0,0.0,0.0
6900.0,0.0,0.0
6950.0,0.0,0.0
7000.0,0.0,0.0
7050.0,0.0,0.0
7100.0,0.0,0.0
7150.0,0.0,0.0
7200.0,0.0,0.0
7250.0,0.0,0.0
7300.0,0.0,0.0
7350.0,0.0,0.0
7400.0,0.0,0.0
7450.0,0.0,0.0
7500.0,0.0,0.0
7550.0,0.0,0.0
7600.0,0.0,0.0
7650.0,0.0,0.0
7700.0,0.0,0.0
7750.0,0.0,0.0
7800.0,0.0,0.0
7850.0,0.0,0.0
7900.0,0.0,0.0
7950.0,0.0,0.0
8000.0,0.0,0.0
8050.0,0.0,0.0
8100.0,0.0,0.0
8150.0,0.0,0.0
8200.0,0.0,0.0
8250.0,0.0,0.0
8300.0,0.0,0.0
8350.0,0.0,0.0
8400.0,0.0,0.0
8450.0,0.0,0.0
8500.0,0.0,0.0
8550.0,0.0,0.0
8600.0,0.0,0.0
8650.0,0.0,0.0
8700.0,0.0,0.0
8750.0,0.0,0.0
8800.0,0.0,0.0
8850.0,0.0,0.0
8900.0,0.0,0.0
8950.0,0.0,0.0
9000.0,0.0,0.0
9050.0,0.0,0.0
9100.0,0.0,0.0
9150.0,0.0,0.0
9200.0,0.0,0.0
9250.0,0.0,0.0
9300.0,0.0,0.0
9350.0,0.0,0.0
9400.0,0.0,0.0
9450.0,0.0,0.0
9500.0,0.0,0.0
9550.0,0.0,0.0
9600.0,0.0,0.0
9650.0,0.0,0.0
9700.0,0.0,0.0
9750.0,0.0,0.0
9800.0,0.0,0.0
9850.0,0.0,0.0
9900.0,0.0,0.0
9950.0,0.0,0.0
10000.0,0.0,0.0
10050.0,0.0,0.0
10100.0,0.0,0.0
10150.0,0.0,0.0
10200.0,0.0,0.0
10250.0,0.0,0.0
10300.0,0.0,0.0
10350.0,0.0,0.0
10400.0,0.0,0.0
10450.0,0.0,0.0
10500.0,0.0,0.0
10550.0,0.0,0.0
10600.0,0.0,0.0
10650.0,0.0,0.0
10700.0,0.0,0.0
10750.0,0.0,0.0
10800.0,0.0,0.0
10850.0,0.0,0.0
10900.0,0.0,0.0
10950.0,0.0,0.0
11000.0,0.0,0.0
11050.0,0.0,0.0
11100.0,0.0,0.0
11150.0,0.0,0.0
11200.0,0.0,0.0
11250.0,0.0,0.0
11300.0,0.0,0.0
11350.0,0.0,0.0
11400.0,0.0,0.0
11450.0,0.0,0.0
11500.0,0.0,0.0
11550.0,0.0,0.0
11600.0,0.0,0.0
11650.0,0.0,0.0
11700.0,0.0,0.0
11750.0,0.0,0.0
11800.0,0.0,0.0
11850.0,0.0,0.0
11900.0,0.0,0.0
11950.0,0.0,0.0
12000.0,0.0,0.0
12050.0,0.0,0.0
12100.0,0.0,0.0
12150.0,0.0,0.0
12200.0,0.0,0.0
12250.0,0.0,0.0
12300.0,0.0,0.0
12350.0,0.0,0.0
12400.0,0.0,0.0
12450.0,0.0,0.0
12500.0,0.0,0.0
12550.0,0.0,0.0
12600.0,0.0,0.0
12650.0,0.0,0.0
12700.0,0.0,0.0
12750.0,0.0,0.0
12800.0,0.0,0.0
12850.0,0.0,0.0
12900.0,0.0,0.0
12950.0,0.0,0.0
13000.0,0.0,0.0
13050.0,0.0,0.0
13100.0,0.0,0.0
13150.0,0.0,0.0
13200.0,0.0,0.0
13250.0,0.0,0.0
13300.0,0.0,0.0
13350.0,0.0,0.0
13400.0,0.0,0.0
13450.0,0.0,0.0
13500.0,0.0,0.0
13550.0,0.0,0.0
13600.0,0.0,0.0
13650.0,0.0,0.0
13700.0,0.0,0.0
13750.0,0.0,0.0
13800.0,0.0,0.0
13850.0,0.0,0.0
13900.0,0.0,0.0
13950.0,0.0,0.0
14000.0,0.0,0.0
14050.0,0.0,0.0
14100.0,0.0,0.0
14150.0,0.0,0.0
14200.0,0.0,0.0
14250.0,0.0,0.0
14300.0,0.0,0.0
14350.0,0.0,0.0
14400.0,0.0,0.0
14450.0,0.0,0.0
14500.0,0.0,0.0
14550.0,0.0,0.0
14600.0,0.0,0.0
14650.0,0.0,0.0
14700.0,0.0,0.0
14750.0,0.0,0.0
14800.0,0.0,0.0
14850.0,0.0,0.0
14900.0,0.0,0.0
14950.0,0.0,0.0
15000.0,0.0,0.0
15050.0,0.0,0.0
15100.0,0.0,0.0
15150.0,0.0,0.0
15200.0,0.0,0.0
15250.0,0.0,0.0
15300.0,0.0,0.0
15350.0,0.0,0.0
15400.0,0.0,0.0
15450.0,0.0,0.0
15500.0,0.0,0.0
15550.0,0.0,0.0
15600.0,0.0,0.0
15650.0,0.0,0.0
15700.0,0.0,0.0
15750.0,0.0,0.0
15800.0,0.0,0.0
15850.0,0.0,0.0
15900.0,0.0,0.0
15950.0,0.0,0.0
16000.0,0.0,0.0
16050.0,0.0,0.0
16100.0,0.0,0.0
16150.0,0.0,0.0
16200.0,0.0,0.0
16250.0,0.0,0.0
16300.0,0.0,0.0
16350.0,0.0,0.0
16400.0,0.0,0.0
16450.0,0.0,0.0
16500.0,0.0,0.0
16550.0,0.0,0.0
16600.0,0.0,0.0
16650.0,0.0,0.0
16700.0,0.0,0.0
16750.0,0.0,0.0
16800.0,0.0,0.0
16850.0,0.0,0.0
16900.0,0.0,0.0
16950.0,0.0,0.0
17000.0,0.0,0.0
17050.0,0.0,0.0
17100.0,0.0,0.0
17150.0,0.0,0.0
17200.0,0.0,0.0
17250.0,0.0,0.0
17300.0,0.0,0.0
17350.0,0.0,0.0
17400.0,0.0,0.0
17450.0,0.0,0.0
17500.0,0.0,0.0
17550.0,0.0,0.0
17600.0,0.0,0.0
17650.0,0.0,0.0
17700.0,0.0,0.0
17750.0,0.0,0.0
17800.0,0.0,0.0
17850.0,0.0,0.0
17900.0,0.0,0.0
17950.0,0.0,0.0
18000.0,0.0,0.0
18050.0,0.0,0.0
18100.0,0.0,0.0
18150.0,0.0,0.0
18200.0,0.0,0.0
18250.0,0.0,0.0
18300.0,0.0,0.0
18350.0,0.0,0.0
18400.0,0.0,0.0
18450.0,0.0,0.0
18500.0,0.0,0.0
18550.0,0.0,0.0
18600.0,0.0,0.0
18650.0,0.0,0.0
18700.0,0.0,0.0
18750.0,0.0,0.0
18800.0,0.0,0.0
18850.0,0.0,0.0
18900.0,0.0,0.0
18950.0,0.0,0.0
19000.0,0.0,0.0
19050.0,0.0,0.0
19100.0,0.0,0.0
19150.0,0.0,0.0
19200.0,0.0,0.0
19250.0,0.0,0.0
19300.0,0.0,0.0
19350.0,0.0,0.0
19400.0,0.0,0.0
19450.0,0.0,0.0
19500.0,0.0,0.0
19550.0,0.0,0.0
19600.0,0.0,0.0
19650.0,0.0,0.0
19700.0,0.0,0.0
19750.0,0.0,0.0
19800.0,0.0,0.0
19850.0,0.0,0.0
19900.0,0.0,0.0
19950.0,0.0,0.0
20000.0,0.0,0.0
20050.0,0.0,0.0
20100.0,0.0,0.0
20150.0,0.0,0.0
20200.0,0.0,0.0
20250.0,0.0,0.0
20300.0,0.0,0.0
20350.0,0.0,0.0
20400.0,0.0,0.0
20450.0,0.0,0.0
20500.0,0.0,0.0
20550.0,0.0,0.0
20600.0,0.0,0.0
20650.0,0.0,0.0
20700.0,0.0,0.0
20750.0,0.0,0.0
20800.0,0.0,0.0
20850.0,0.0,0.0
20900.0,0.0,0.0
20950.0,0.0,0.0
21000.0,0.0,0.0
21050.0,0.0,0.0
21100.0,0.0,0.0
21150.0,0.0,0.0
21200.0,0.0,0.0
21250.0,0.0,0.0
21300.0,0.0,0.0
21350.0,0.0,0.0
21400.0,0.0,0.0
21450.0,0.0,0.0
21500.0,0.0,0.0
21550.0,0.0,0.0
21600.0,0.0,0.0
21650.0,0.0,0.0
21700.0,0.0,0.0
21750.0,0.0,0.0
21800.0,0.0,0.0
21850.0,0.0,0.0
21900.0,0.0,0.0
21950.0,0.0,0.0
22000.0,0.0,0.0
22050.0,0.0,0.0
22100.0,0.0,0.0
22150.0,0.0,0.0
22200.0,0.0,0.0
22250.0,0.0,0.0
22300.0,0.0,0.0
22350.0,0.0,0.0
22400.0,0.0,0.0
22450.0,0.0,0.0
22500.0,0.0,0.0
22550.0,0.0,0.0
22600.0,0.0,0.0
22650.0,0.0,0.0
22700.0,0.0,0.0
22750.0,0.0,0.0
22800.0,0.0,0.0
22850.0,0.0,0.0
22900.0,0.0,0.0
22950.0,0.0,0.0
23000.0,0.0,0.0
23050.0,0.0,0.0
23100.0,0.0,0.0
23150.0,0.0,0.0
23200.0,0.0,0.0
23250.0,0.0,0.0
23300.0,0.0,0.0
23350.0,0.0,0.0
23400.0,0.0,0.0
23450.0,0.0,0.0
23500.0,0.0,0.0
23550.0,0.0,0.0
23600.0,0.0,0.0
23650.0,0.0,0.0
23700.0,0.0,0.0
23750.0,0.0,0.0
23800.0,0.0,0.0
23850.0,0.0,0.0
23900.0,0.0,0.0
23950.0,0.0,0.0
24000.0,0.0,0.0
24050.0,0.0,0.0
24100.0,0.0,0.0
24150.0,0.0,0.0
24200.0,0.0,0.0
24250.0,0.0,0.0
24300.0,0.0,0.0
24350.0,0.0,0.0
24400.0,0.0,0.0
24450.0,0.0,0.0
24500.0,0.0,0.0
24550.0,0.0,0.0
24600.0,0.0,0.0
24650.0,0.0,0.0
24700.0,0.0,0.0
24750.0,0.0,0.0
24800.0,0.0,0.0
24850.0,0.0,0.0
24900.0,0.0,0.0
24950.0,0.0,0.0
25000.0,0.0,0.0
